(3,0)program
(1,1)abc
(30,0);
(4,0)var
(1,2)a
(32,0),
(1,3)b
(32,0),
(1,4)c
(34,0):
(14,0)integer
(30,0);
(6,0)begin
(1,2)a
(29,0):=
(2,1)1
(30,0);
(1,3)b
(29,0):=
(2,2)2
(30,0);
(1,4)c
(29,0):=
(2,1)1
(16,0)+
(2,2)2
(18,0)*
(2,3)3
(16,0)+
(32,0)(
(2,4)4
(16,0)+
(2,5)5
(33,0))
(18,0)*
(2,6)6
(30,0);
(8,0)if
(1,2)a
(16,0)+
(1,3)b
(23,0)<
(1,4)c
(9,0)then
(6,0)begin
(1,2)a
(29,0):=
(1,2)a
(16,0)+
(1,3)b
(30,0);
(1,3)b
(29,0):=
(1,3)b
(16,0)+
(1,2)a
(7,0)end
(10,0)else
(1,4)c
(29,0):=
(2,1000)1000
(30,0);
(11,0)while
(1,4)c
(25,0)>
(2,500)500
(22,0)&&
(1,4)c
(23,0)<
(2,2000)2000
(22,0)&&
(1,4)c
(28,0)<>
(2,12)12
(21,0)||
(1,4)c
(25,0)>
(2,4)4
(12,0)do
(6,0)begin
(8,0)if
(1,2)a
(25,0)>
(2,3)3
(9,0)then
(1,4)c
(29,0):=
(1,4)c
(16,0)+
(2,500)500
(30,0);
(8,0)if
(1,4)c
(23,0)<
(2,4)4
(9,0)then
(8,0)if
(1,2)a
(25,0)>
(1,3)b
(21,0)||
(1,4)c
(23,0)<
(2,1)1
(9,0)then
(1,2)a
(29,0):=
(2,1)1
(7,0)end
(7,0)end
(31,0).
